00.00	0	5440	90.66666667	90	0.4	90.4	1	91	13	18.2	46	6.571428571	9.2	118	60
06.00_Getting_Started_With_Arrays	10	5430	90.5	90	0.3	90.3	1	91	13	18.2	46	6.571428571	9.2	118	60
06.01_One-Dimensional_Arrays	105	5325	88.75	88	0.45	88.45	1	89	12.71428571	17.8	45	6.428571429	9	115	58
06.02_Formatting_Output	90	5235	87.25	87	0.15	87.15	1	88	12.57142857	17.6	44	6.285714286	8.8	114	57
06.03_The_for-each_Loop	60	5175	86.25	86	0.15	86.15	1	87	12.42857143	17.4	44	6.285714286	8.8	112	57
06.04_Arrays_of_Objects	120	5055	84.25	84	0.15	84.15	1	85	12.14285714	17	43	6.142857143	8.6	110	56
06.05_Computer_Science_Lab:_Magpie	150	4905	81.75	81	0.45	81.45	1	82	11.71428571	16.4	41	5.857142857	8.2	106	53
06.06_Discussion-Based_Assessment	60	4845	80.75	80	0.45	80.45	1	81	11.57142857	16.2	41	5.857142857	8.2	105	53
06.07_Part_1_Challenge_Exam	90	4755	79.25	79	0.15	79.15	1	80	11.42857143	16	40	5.714285714	8	103	52
06.07_Part_2_Challenge_Exam	90	4665	77.75	77	0.45	77.45	1	78	11.14285714	15.6	39	5.571428571	7.8	101	51
07.00_Introduction_to_Standard_Algorithms	45	4620	77	77	0	77	0	77	11	15.4	39	5.571428571	7.8	100	51
07.01_ArrayLists_I	120	4500	75	75	0	75	0	75	10.71428571	15	38	5.428571429	7.6	97	49
07.02_ArrayLists_II	120	4380	73	73	0	73	0	73	10.42857143	14.6	37	5.285714286	7.4	94	48
07.03_Challenge_Program	120	4260	71	71	0	71	0	71	10.14285714	14.2	36	5.142857143	7.2	92	47
07.04_Traversals_Lesson	90	4170	69.5	69	0.3	69.3	1	70	10	14	35	5	7	91	46
07.05_Replacements_Lesson	90	4080	68	68	0	68	0	68	9.714285714	13.6	34	4.857142857	6.8	88	44
07.06_Insertions_Lesson	90	3990	66.5	66	0.3	66.3	1	67	9.571428571	13.4	34	4.857142857	6.8	87	44
07.07_Deletions_Lesson	105	3885	64.75	64	0.45	64.45	1	65	9.285714286	13	33	4.714285714	6.6	84	43
07.08_Challenge_Program	150	3735	62.25	62	0.15	62.15	1	63	9	12.6	32	4.571428571	6.4	82	42
07.09_Insertion_Sort	105	3630	60.5	60	0.3	60.3	1	61	8.714285714	12.2	31	4.428571429	6.2	79	40
07.10_Selection_Sort	105	3525	58.75	58	0.45	58.45	1	59	8.428571429	11.8	30	4.285714286	6	76	39
07.11_Computer_Science_Lab:_Magpie_Part_2	150	3375	56.25	56	0.15	56.15	1	57	8.142857143	11.4	29	4.142857143	5.8	74	38
07.12_Checklist	15	3360	56	56	0	56	0	56	8	11.2	28	4	5.6	73	37
08.00_Introduction_to_Searching	45	3315	55.25	55	0.15	55.15	1	56	8	11.2	28	4	5.6	73	37
08.01_Sequential_Search	105	3210	53.5	53	0.3	53.3	1	54	7.714285714	10.8	27	3.857142857	5.4	70	35
08.02_Binary_Search	105	3105	51.75	51	0.45	51.45	1	52	7.428571429	10.4	26	3.714285714	5.2	67	34
08.03_Challenge_Program	150	2955	49.25	49	0.15	49.15	1	50	7.142857143	10	25	3.571428571	5	65	33
08.04_2D_Array_Part_1	60	2895	48.25	48	0.15	48.15	1	49	7	9.8	25	3.571428571	5	64	33
08.05_2D_Array_Part_2	90	2805	46.75	46	0.45	46.45	1	47	6.714285714	9.4	24	3.428571429	4.8	61	31
08.06_Computer_Science_Lab:_Picture	120	2685	44.75	44	0.45	44.45	1	45	6.428571429	9	23	3.285714286	4.6	58	30
08.07_Computer_Science_Lab:_Picture	120	2565	42.75	42	0.45	42.45	1	43	6.142857143	8.6	22	3.142857143	4.4	56	29
08.08_Discussion-Based_Assessment	30	2535	42.25	42	0.15	42.15	1	43	6.142857143	8.6	22	3.142857143	4.4	56	29
08.09_Checklist	15	2520	42	42	0	42	0	42	6	8.4	21	3	4.2	55	28
09.00_Introduction_to_Inheritance_and_Polymorphism	45	2475	41.25	41	0.15	41.15	1	42	6	8.4	21	3	4.2	55	28
09.01_Extending_Classes	60	2415	40.25	40	0.15	40.15	1	41	5.857142857	8.2	21	3	4.2	53	28
09.02_Class_Hierarchies	105	2310	38.5	38	0.3	38.3	1	39	5.571428571	7.8	20	2.857142857	4	51	26
09.03_Polymorphism	105	2205	36.75	36	0.45	36.45	1	37	5.285714286	7.4	19	2.714285714	3.8	48	25
09.04_Overriding_Methods	105	2100	35	35	0	35	0	35	5	7	18	2.571428571	3.6	46	24
09.05_Design_Strategy:_Iterative_and_Incremental	45	2055	34.25	34	0.15	34.15	1	35	5	7	18	2.571428571	3.6	46	24
09.06_Static_Means_Never_Having_to_Instantiate_an_Object	60	1995	33.25	33	0.15	33.15	1	34	4.857142857	6.8	17	2.428571429	3.4	44	22
09.07_Class_Variables_and_Constants	120	1875	31.25	31	0.15	31.15	1	32	4.571428571	6.4	16	2.285714286	3.2	42	21
09.08_Thinking_Outside_the_Box	120	1755	29.25	29	0.15	29.15	1	30	4.285714286	6	15	2.142857143	3	39	20
09.09_Part_1_Challenge_Exam-Multiple-Choice	60	1695	28.25	28	0.15	28.15	1	29	4.142857143	5.8	15	2.142857143	3	38	20
09.09_Part_2_Challenge_Exam-Free_Response	60	1635	27.25	27	0.15	27.15	1	28	4	5.6	14	2	2.8	37	19
09.10_Checkpoint	15	1620	27	27	0	27	0	27	3.857142857	5.4	14	2	2.8	35	19
10.00_Getting_Started_with_Recursion	15	1605	26.75	26	0.45	26.45	1	27	3.857142857	5.4	14	2	2.8	35	19
10.01_Divide_et_Impera	15	1590	26.5	26	0.3	26.3	1	27	3.857142857	5.4	14	2	2.8	35	19
10.02_Real-World_Recursion	120	1470	24.5	24	0.3	24.3	1	25	3.571428571	5	13	1.857142857	2.6	33	17
10.03_The_Recursive_Leap_of_Faith	90	1380	23	23	0	23	0	23	3.285714286	4.6	12	1.714285714	2.4	30	16
10.04_There_and_Back_Again	60	1320	22	22	0	22	0	22	3.142857143	4.4	11	1.571428571	2.2	29	15
10.05_Are_We_There_Yet	120	1200	20	20	0	20	0	20	2.857142857	4	10	1.428571429	2	26	13
10.06_Recursive_Strings_and_Things	180	1020	17	17	0	17	0	17	2.428571429	3.4	9	1.285714286	1.8	22	12
10.07_Challenge_Program	150	870	14.5	14	0.3	14.3	1	15	2.142857143	3	8	1.142857143	1.6	20	11
10.08_Computer_Science_Lab:_Elevens	180	690	11.5	11	0.3	11.3	1	12	1.714285714	2.4	6	0.857142857	1.2	16	8
10.09_AP_Exam_Review	120	570	9.5	9	0.3	9.3	1	10	1.428571429	2	5	0.714285714	1	13	7
10.10_Practice_Exams	270	300	5	5	0	5	0	5	0.714285714	1	3	0.428571429	0.6	7	4
10.11_Discussion-Based_Assessment	60	240	4	4	0	4	0	4	0.571428571	0.8	2	0.285714286	0.4	6	3
10.12_Part_A_Segment_Two_Exam-Multiple-Choice	120	120	2	2	0	2	0	2	0.285714286	0.4	1	0.142857143	0.2	3	2
10.12_Part_B_Segment_Two_Exam-Free_Response	120	0	0	0	0	0	0	0	0	0	0	0	0	0	0
